{
    "test_datasets": [
        {
            "exo_path": "./example/egoexo4D/videos/cmu_soccer06_6_877_925/exo.mp4",
            "ego_gt_path": "./example/egoexo4D/videos/cmu_soccer06_6_877_925/ego_GT.mp4",
            "ego_prior_path": "./example/egoexo4D/videos/cmu_soccer06_6_877_925/ego_Prior.mp4",
            "prompt": "[Exo view] **Scene Overview:** The scene is set in an indoor soccer facility with artificial turf. The ceiling is high and features a translucent design, allowing natural light to filter through. Yellow fabric panels are suspended from the ceiling. The field is marked with white lines, and there are two soccer goals positioned at either end. In the foreground, there are three yellow training cones arranged in a line on the turf. Two tripods are positioned on either side of the field, likely holding cameras for recording. The background shows a wall with a large American flag and several doors leading to other areas. **Action Analysis:** In the first frame, a player in a red shirt and black shorts is positioned near the training cones, preparing to engage with the soccer ball. The player’s right foot is raised, indicating an impending kick. The left foot is planted on the ground, stabilizing the body. As the sequence progresses to the second frame, the player begins to execute a kick, moving the right foot forward towards the ball. The ball is positioned just in front of the cones, and the player's body leans slightly forward, indicating momentum. In the third frame, the player has completed the kick, and the ball is now in motion, rolling towards the goal. The player’s posture is upright, and the left foot is now lifted off the ground, suggesting a follow-through motion. By the fourth frame, the player is positioned closer to the goal, preparing for another kick. The ball is still in view, and the player appears to be assessing the next move. The overall flow of actions demonstrates a continuous practice routine, focusing on ball control and shooting technique. [Ego view] **Scene Overview:** From the first-person perspective, the view is focused on the ground, showing the player's feet and the soccer ball positioned near the yellow training cones. The turf appears vibrant green, and the white lines of the field are visible. The goal is seen in the background, along with the tripods and the indoor facility's structure. **Action Analysis:** In the first frame, the player's right foot is raised, preparing to kick the ball. The left foot is firmly planted, providing balance. The view emphasizes the proximity to the ball and the cones, indicating the player's focus on the training exercise. As the second frame unfolds, the right foot moves forward, making contact with the ball. The perspective captures the moment of impact, with the ball positioned directly in front of the cones. The player's body leans slightly forward, indicating engagement with the action. In the third frame, the ball is seen rolling away from the player, suggesting a successful kick. The player's left foot is now lifted, indicating a follow-through. The focus remains on the ball's trajectory towards the goal. By the fourth frame, the player is preparing for another action, with the ball still in view. The perspective highlights the player's readiness to engage again, maintaining the rhythm of practice. The sequence illustrates a continuous flow of actions, emphasizing the player's interaction with the ball and the training environment.",
            "camera_intrinsics": [
                [
                    1251.8982569863365,
                    0.0,
                    1920.0
                ],
                [
                    0.0,
                    1251.8982569863365,
                    1080.0
                ],
                [
                    0.0,
                    0.0,
                    1.0
                ]
            ],
            "camera_extrinsics": [
                [
                    0.567315968639251,
                    -0.823126877454111,
                    -0.024775534347370936,
                    -0.1911628857702606
                ],
                [
                    -0.01325197158844675,
                    0.020957539458790506,
                    -0.9996915082678055,
                    0.6300308367849687
                ],
                [
                    0.8233930220366041,
                    0.5674688273961715,
                    0.0009819259581466365,
                    1.2526299756769397
                ]
            ],
            "ego_intrinsics": [
                [
                    150.0,
                    0.0,
                    255.5
                ],
                [
                    0.0,
                    150.0,
                    255.5
                ],
                [
                    0.0,
                    0.0,
                    1.0
                ]
            ],
            "ego_extrinsics": [
                [
                    [
                        -0.6102266942081638,
                        0.5283979436573732,
                        -0.5902702700735252,
                        1.029899161847902
                    ],
                    [
                        0.5716915753264823,
                        0.809511856261816,
                        0.13363867943074326,
                        -2.8607303732752873
                    ],
                    [
                        0.5484451852277694,
                        -0.2559026521450102,
                        -0.7960663971097159,
                        -0.41252043153867457
                    ]
                ],
                [
                    [
                        -0.6438857410512131,
                        0.5101542377611957,
                        -0.5702225955426385,
                        1.1657263318335152
                    ],
                    [
                        0.5711017052531859,
                        0.8164112779333978,
                        0.08553050928261391,
                        -2.8220239506204376
                    ],
                    [
                        0.5091699098539227,
                        -0.27058322043953664,
                        -0.8170255355791494,
                        -0.2865243563361819
                    ]
                ],
                [
                    [
                        -0.6873761469427198,
                        0.4953014493088663,
                        -0.5312160647740589,
                        1.3155366517162976
                    ],
                    [
                        0.5622238537627892,
                        0.8258895509850194,
                        0.042553354221418926,
                        -2.7753961712054407
                    ],
                    [
                        0.45980253526731857,
                        -0.26941218223519314,
                        -0.8461670669040449,
                        -0.14924921709532457
                    ]
                ],
                [
                    [
                        -0.7044528206818165,
                        0.5052162134747634,
                        -0.49850055368436946,
                        1.3726487220012675
                    ],
                    [
                        0.578192989450369,
                        0.8158416243194863,
                        0.009762745694980701,
                        -2.768425451606553
                    ],
                    [
                        0.41162979892475826,
                        -0.2813521312449709,
                        -0.8668344061725097,
                        0.007189421716957245
                    ]
                ],
                [
                    [
                        -0.7169957743497029,
                        0.5076517990338234,
                        -0.4777098597067952,
                        1.4354355612021323
                    ],
                    [
                        0.586482804097449,
                        0.8097200819519017,
                        -0.019781538650610664,
                        -2.751029782526982
                    ],
                    [
                        0.3767691330328752,
                        -0.2943518978751628,
                        -0.8782949278121217,
                        0.1269958044784094
                    ]
                ],
                [
                    [
                        -0.7361618680237108,
                        0.4933740471948219,
                        -0.4633009320210842,
                        1.5400224044736692
                    ],
                    [
                        0.577107689644719,
                        0.8152042060587816,
                        -0.048875525309099,
                        -2.703822347718546
                    ],
                    [
                        0.35357095272317923,
                        -0.30335482850580764,
                        -0.8848522076613461,
                        0.205201178623571
                    ]
                ],
                [
                    [
                        -0.7507516525280747,
                        0.4770496356828317,
                        -0.4569415738312265,
                        1.6356963723821043
                    ],
                    [
                        0.5665806039040625,
                        0.8206671963298411,
                        -0.07410649294609917,
                        -2.6520975787102716
                    ],
                    [
                        0.33964448486442866,
                        -0.31452980463879726,
                        -0.8864043244427215,
                        0.2531953226351311
                    ]
                ],
                [
                    [
                        -0.7639017205741983,
                        0.46666577181881574,
                        -0.4457322312794373,
                        1.7073962922466763
                    ],
                    [
                        0.5589599686101828,
                        0.8236645931305451,
                        -0.09560539932649031,
                        -2.6043006980035694
                    ],
                    [
                        0.3225180897020586,
                        -0.32217960157111875,
                        -0.8900462847276647,
                        0.2999112703889306
                    ]
                ],
                [
                    [
                        -0.7681371599026127,
                        0.45719920914661977,
                        -0.44825683420772233,
                        1.761109918140948
                    ],
                    [
                        0.5569889123780757,
                        0.8224322639646254,
                        -0.11562233090491175,
                        -2.5644929791483158
                    ],
                    [
                        0.3157984449473546,
                        -0.33848789420280656,
                        -0.8863956734525855,
                        0.31903222888040217
                    ]
                ],
                [
                    [
                        -0.7611671292854174,
                        0.44588457636065104,
                        -0.4709687292269611,
                        1.7993268853648006
                    ],
                    [
                        0.5616782610044193,
                        0.816271938131787,
                        -0.13497278831002868,
                        -2.535231160839739
                    ],
                    [
                        0.32425627272242213,
                        -0.36726974755324104,
                        -0.8717630414918331,
                        0.297839079429854
                    ]
                ],
                [
                    [
                        -0.7590152786276777,
                        0.4367552160814615,
                        -0.48284644262970516,
                        1.8349059887628
                    ],
                    [
                        0.5639044395384133,
                        0.8116885761036785,
                        -0.15222824388814282,
                        -2.504485762044958
                    ],
                    [
                        0.32543446187539204,
                        -0.3878228159886868,
                        -0.8623722361627095,
                        0.28420141139277144
                    ]
                ],
                [
                    [
                        -0.7426663561072436,
                        0.40995683847966635,
                        -0.5295111673127443,
                        1.8845163013224404
                    ],
                    [
                        0.5630067496221888,
                        0.8103707978378475,
                        -0.16224232047077047,
                        -2.475051300823717
                    ],
                    [
                        0.36258803850888593,
                        -0.41861027304000775,
                        -0.8326435944710222,
                        0.16933427159941528
                    ]
                ],
                [
                    [
                        -0.7427116336729194,
                        0.4204257790617718,
                        -0.521173285850682,
                        1.8839628880354713
                    ],
                    [
                        0.5717170639506733,
                        0.8033383580557584,
                        -0.16669457513104236,
                        -2.465504516668437
                    ],
                    [
                        0.3485957951312584,
                        -0.42176966082688894,
                        -0.8370133362890247,
                        0.18234574546275972
                    ]
                ],
                [
                    [
                        -0.7493666750570005,
                        0.42094363145550884,
                        -0.5111321195499005,
                        1.9175715047078699
                    ],
                    [
                        0.5681116911751365,
                        0.8052576475608523,
                        -0.16973281016666147,
                        -2.431887803136642
                    ],
                    [
                        0.3401451025568121,
                        -0.41757224536238313,
                        -0.8425762444132112,
                        0.18123847345857447
                    ]
                ],
                [
                    [
                        -0.7461347723167789,
                        0.41513902954637644,
                        -0.5205213618995936,
                        1.950100404362819
                    ],
                    [
                        0.5649983858820932,
                        0.8083927502208195,
                        -0.16516048405288863,
                        -2.402624840628171
                    ],
                    [
                        0.3522211322624088,
                        -0.4173257092019349,
                        -0.8377228221994504,
                        0.12770274219562883
                    ]
                ],
                [
                    [
                        -0.7348720969005106,
                        0.40393090201372545,
                        -0.5447961358671556,
                        1.9815772486824375
                    ],
                    [
                        0.5596476538993933,
                        0.8149135319174368,
                        -0.15069983273118975,
                        -2.374948603065027
                    ],
                    [
                        0.38308942402591095,
                        -0.4156389803512023,
                        -0.8249161974793464,
                        0.018565512525747563
                    ]
                ],
                [
                    [
                        -0.7274522478776009,
                        0.37872529293141927,
                        -0.5721716355453363,
                        2.039691329563657
                    ],
                    [
                        0.5372061368445513,
                        0.8331305099106642,
                        -0.13154132529977475,
                        -2.316240362634815
                    ],
                    [
                        0.4268756195771481,
                        -0.4030641462481553,
                        -0.8095162136712861,
                        -0.1393063208987525
                    ]
                ],
                [
                    [
                        -0.7216458903683827,
                        0.33953928105112097,
                        -0.603274634783413,
                        2.116560858687586
                    ],
                    [
                        0.49509976965224056,
                        0.8622271191767723,
                        -0.10696080077833131,
                        -2.2173688209132063
                    ],
                    [
                        0.4838423570016467,
                        -0.3758689552974359,
                        -0.7903284770034757,
                        -0.352569156634171
                    ]
                ],
                [
                    [
                        -0.7064313421045594,
                        0.2840183288496657,
                        -0.6482964971379683,
                        2.190007752632901
                    ],
                    [
                        0.43168356188356904,
                        0.898762822138529,
                        -0.0766465396365511,
                        -2.0684750075358664
                    ],
                    [
                        0.5608957672587989,
                        -0.334004458708938,
                        -0.757520270474939,
                        -0.6470402768904612
                    ]
                ],
                [
                    [
                        -0.6742016956071019,
                        0.21434719139015596,
                        -0.7067583412121771,
                        2.2318895172776583
                    ],
                    [
                        0.34686478758936623,
                        0.936747416749534,
                        -0.04678777499280751,
                        -1.8599126407077549
                    ],
                    [
                        0.6520252222517842,
                        -0.2766939801266584,
                        -0.7059061899688588,
                        -1.0080214219143535
                    ]
                ],
                [
                    [
                        -0.6288754360596217,
                        0.1417489527429261,
                        -0.764475582922237,
                        2.228644912136848
                    ],
                    [
                        0.24534831716095473,
                        0.9691825166933274,
                        -0.022123562275011777,
                        -1.593840173629625
                    ],
                    [
                        0.7377803777388585,
                        -0.20147576403110412,
                        -0.6442729451817193,
                        -1.373088359414767
                    ]
                ],
                [
                    [
                        -0.5846067239791292,
                        0.06995101478121056,
                        -0.8082956358271745,
                        2.206794663980158
                    ],
                    [
                        0.13316381184196624,
                        0.9910379304403114,
                        -0.010546080627461818,
                        -1.276540324505632
                    ],
                    [
                        0.8003139250095284,
                        -0.11380103720361734,
                        -0.5886823815050948,
                        -1.6688428986399026
                    ]
                ],
                [
                    [
                        -0.5308099127327875,
                        0.012413965348874935,
                        -0.8473999813320638,
                        2.1405258972719987
                    ],
                    [
                        0.040207739683198795,
                        0.9991356518570123,
                        -0.0105492464285043,
                        -0.993152300362742
                    ],
                    [
                        0.846536574878802,
                        -0.03967168300951712,
                        -0.5308502458422685,
                        -1.8980503451058852
                    ]
                ],
                [
                    [
                        -0.5073129937345117,
                        -0.014221823280153409,
                        -0.8616445135771273,
                        2.117774459992851
                    ],
                    [
                        -0.011477247282406844,
                        0.999886637082363,
                        -0.009746077988216056,
                        -0.819605445263182
                    ],
                    [
                        0.8616854418999738,
                        0.004944995702804711,
                        -0.5074187104495385,
                        -1.9820282352817247
                    ]
                ],
                [
                    [
                        -0.5222214979921366,
                        -0.007904317101848593,
                        -0.8527732565858134,
                        2.165896238096096
                    ],
                    [
                        -0.01900265424959635,
                        0.9998166251387248,
                        0.0023695949120535464,
                        -0.7764333073535358
                    ],
                    [
                        0.8525981495141395,
                        0.017442408210641525,
                        -0.5222759388905627,
                        -1.9344945697642284
                    ]
                ],
                [
                    [
                        -0.5421355849380981,
                        0.006563299879075314,
                        -0.840265392273607,
                        2.2251134827880814
                    ],
                    [
                        -0.01182052367151043,
                        0.9998109837067135,
                        0.015436058784761453,
                        -0.777496596744734
                    ],
                    [
                        0.8402078799972114,
                        0.018300813336032118,
                        -0.5419555309724307,
                        -1.859302348326885
                    ]
                ],
                [
                    [
                        -0.5479078091938456,
                        0.01466218937819376,
                        -0.8364102169781056,
                        2.256967902660907
                    ],
                    [
                        -0.007016115240062071,
                        0.9997306762043334,
                        0.02212123273375019,
                        -0.7672767406144894
                    ],
                    [
                        0.8365092976379142,
                        0.01798874607009393,
                        -0.5476573731726662,
                        -1.8167705255134405
                    ]
                ],
                [
                    [
                        -0.5442266424475106,
                        -0.0016315614262641803,
                        -0.8389366485271958,
                        2.2788908547333833
                    ],
                    [
                        -0.024523149517274245,
                        0.9996017261875211,
                        0.013964391281657884,
                        -0.6806602394775546
                    ],
                    [
                        0.8385797382220924,
                        0.02817316283505228,
                        -0.5440499021861603,
                        -1.806073808330551
                    ]
                ],
                [
                    [
                        -0.5337097600750014,
                        -0.025634434977573464,
                        -0.8452791079771964,
                        2.281030950136537
                    ],
                    [
                        -0.05255294120614162,
                        0.9986139363249011,
                        0.0028974017797978313,
                        -0.5610288250344407
                    ],
                    [
                        0.8440332238316088,
                        0.04596827570977752,
                        -0.5343171690174215,
                        -1.8185930481060897
                    ]
                ],
                [
                    [
                        -0.5136884548934516,
                        -0.041642196277859575,
                        -0.8569656345230572,
                        2.248363024766648
                    ],
                    [
                        -0.07675919599346404,
                        0.9970466810283725,
                        -0.0024375549130180862,
                        -0.4549219189108956
                    ],
                    [
                        0.854536246800699,
                        0.06452784926900829,
                        -0.5153677905449091,
                        -1.8571469326472356
                    ]
                ],
                [
                    [
                        -0.4901710682479119,
                        -0.050280578035022915,
                        -0.8701748034269514,
                        2.1925791070236516
                    ],
                    [
                        -0.0950914669777348,
                        0.9954606841506624,
                        -0.003954668510569581,
                        -0.3656883584405869
                    ],
                    [
                        0.8664236480579293,
                        0.08080773486433629,
                        -0.49272728073853184,
                        -1.9040757159017845
                    ]
                ],
                [
                    [
                        -0.46471319680495177,
                        -0.05241884956096416,
                        -0.8839083155113003,
                        2.1185133805569833
                    ],
                    [
                        -0.10673499173957607,
                        0.9942834235588724,
                        -0.0028487504912869943,
                        -0.2972773990471592
                    ],
                    [
                        0.8790047141575843,
                        0.09302009520289728,
                        -0.4676515536182497,
                        -1.9553518632316793
                    ]
                ],
                [
                    [
                        -0.44004042688887224,
                        -0.047711806407152633,
                        -0.8967095423993092,
                        2.0326109958485743
                    ],
                    [
                        -0.11272453374315405,
                        0.9936232600001061,
                        0.0024487214917926214,
                        -0.24757579387301376
                    ],
                    [
                        0.8908746261373828,
                        0.10215870068316274,
                        -0.4426126949483028,
                        -2.0037531083729503
                    ]
                ],
                [
                    [
                        -0.41582709457042005,
                        -0.040909705613170366,
                        -0.9085231014355178,
                        1.9446023795871707
                    ],
                    [
                        -0.11764841075121929,
                        0.9930133134535808,
                        0.009132969703762567,
                        -0.2000717337966933
                    ],
                    [
                        0.9018019079666204,
                        0.1106840359857168,
                        -0.41773480257530815,
                        -2.04893424539233
                    ]
                ],
                [
                    [
                        -0.39060939352416457,
                        -0.030100528339031173,
                        -0.920064268951481,
                        1.8618285723787462
                    ],
                    [
                        -0.12142597906869779,
                        0.9924170290718763,
                        0.01908328790475977,
                        -0.15868134207407092
                    ],
                    [
                        0.9125130313853953,
                        0.1191738159251885,
                        -0.3913024000733487,
                        -2.093153821684537
                    ]
                ],
                [
                    [
                        -0.38668810718695995,
                        -0.03817783093105073,
                        -0.9214199704065831,
                        1.8322127618244688
                    ],
                    [
                        -0.14155184304252688,
                        0.9897599201693255,
                        0.018395007375121453,
                        -0.06378357813713431
                    ],
                    [
                        0.9112822747840438,
                        0.13754182585707309,
                        -0.3881325323317443,
                        -2.0859770188677027
                    ]
                ],
                [
                    [
                        -0.4159893580155948,
                        -0.03812220598508917,
                        -0.9085700582195056,
                        1.876430981979561
                    ],
                    [
                        -0.15621964694336993,
                        0.9872635614468408,
                        0.030101196617499965,
                        0.007904361763592771
                    ],
                    [
                        0.8958505875530651,
                        0.15445827097567133,
                        -0.4166465727610876,
                        -2.007848261538414
                    ]
                ],
                [
                    [
                        -0.430311605271649,
                        -0.03981430877607469,
                        -0.9018019411316075,
                        1.8933562520904794
                    ],
                    [
                        -0.1733718528176329,
                        0.9840727605077777,
                        0.03928106876514348,
                        0.08748221047750837
                    ],
                    [
                        0.8858747772371044,
                        0.17325017260234532,
                        -0.4303606100006009,
                        -1.9529059448452744
                    ]
                ],
                [
                    [
                        -0.4167672940187851,
                        -0.05592695853407143,
                        -0.9072911319661452,
                        1.8547999952930647
                    ],
                    [
                        -0.20675021325322063,
                        0.9777782432150881,
                        0.034699516495936,
                        0.22022276342800173
                    ],
                    [
                        0.8851888906594833,
                        0.2020442586607139,
                        -0.4190689031566198,
                        -1.9423807405286255
                    ]
                ],
                [
                    [
                        -0.39293978545807867,
                        -0.0658387739228031,
                        -0.9172042216374053,
                        1.7877480169791047
                    ],
                    [
                        -0.24103936782183494,
                        0.9699321468277169,
                        0.0336400688972672,
                        0.3516989295349059
                    ],
                    [
                        0.8874110385597869,
                        0.2343008480033923,
                        -0.3969946657621563,
                        -1.946276222432827
                    ]
                ],
                [
                    [
                        -0.3727170221135239,
                        -0.07272993640508144,
                        -0.9250904693153863,
                        1.723190961057001
                    ],
                    [
                        -0.27230951002039827,
                        0.9616048481328816,
                        0.034112264336413,
                        0.4697235028252884
                    ],
                    [
                        0.887090497571302,
                        0.26462515369504896,
                        -0.37821154893884984,
                        -1.9404545163058156
                    ]
                ],
                [
                    [
                        -0.3576750881855102,
                        -0.07702423265188826,
                        -0.9306641696261889,
                        1.6701046269593471
                    ],
                    [
                        -0.2975222540626492,
                        0.9540589494395764,
                        0.03538402117453303,
                        0.5666516710365856
                    ],
                    [
                        0.8851830530934137,
                        0.28954928392726437,
                        -0.3641595424295371,
                        -1.9248421309713986
                    ]
                ],
                [
                    [
                        -0.3457752536341453,
                        -0.07824574666380556,
                        -0.9350492376083013,
                        1.63306267862136
                    ],
                    [
                        -0.3117500912003777,
                        0.9494883627114894,
                        0.03582917319573706,
                        0.630359595431152
                    ],
                    [
                        0.8850148892962633,
                        0.3038905264762723,
                        -0.3527026981345551,
                        -1.9084516901177047
                    ]
                ],
                [
                    [
                        -0.35033521246789145,
                        -0.07313468243384719,
                        -0.9337647228956277,
                        1.6463668877633901
                    ],
                    [
                        -0.3115023200880019,
                        0.9492935951116227,
                        0.042520288796507294,
                        0.6446420255456139
                    ],
                    [
                        0.8833071629116187,
                        0.30576623213181986,
                        -0.35535259653299556,
                        -1.8773486039204577
                    ]
                ],
                [
                    [
                        -0.3758493134541541,
                        -0.06659725413836806,
                        -0.9242846412182041,
                        1.7190504163063534
                    ],
                    [
                        -0.30263429556081145,
                        0.9515472249048119,
                        0.054501024917975274,
                        0.6263336260032094
                    ],
                    [
                        0.8758708668866744,
                        0.3002044038151945,
                        -0.3777929844298791,
                        -1.81581680270406
                    ]
                ],
                [
                    [
                        -0.4009371852845706,
                        -0.07003501514779126,
                        -0.9134245832672502,
                        1.7970678783823086
                    ],
                    [
                        -0.29653246001867556,
                        0.9533163098325388,
                        0.05706586932039251,
                        0.617766426495427
                    ],
                    [
                        0.8667859440795138,
                        0.29373986757176795,
                        -0.40298761336214955,
                        -1.7468564704253828
                    ]
                ],
                [
                    [
                        -0.4119355090800616,
                        -0.08507329516714343,
                        -0.9072329747737583,
                        1.8405794569027303
                    ],
                    [
                        -0.3023069036037874,
                        0.9520016739068833,
                        0.04799321687927799,
                        0.6459544385768065
                    ],
                    [
                        0.8596043695293092,
                        0.29403290161609774,
                        -0.41788153865794614,
                        -1.692926059568417
                    ]
                ],
                [
                    [
                        -0.4217370769654808,
                        -0.10690629466692894,
                        -0.9003937362058225,
                        1.8717340606662531
                    ],
                    [
                        -0.3171798856698849,
                        0.9476802045572448,
                        0.036043719463044244,
                        0.6987385064797993
                    ],
                    [
                        0.8494320197931085,
                        0.30078775479043235,
                        -0.4335804058862328,
                        -1.6328936531868772
                    ]
                ],
                [
                    [
                        -0.43302622265013413,
                        -0.11644152860871515,
                        -0.8938286533485734,
                        1.896917719834629
                    ],
                    [
                        -0.32580734583147836,
                        0.944796969219081,
                        0.034760041137094105,
                        0.7273982407020843
                    ],
                    [
                        0.8404390903004024,
                        0.306267950625386,
                        -0.4470593680657796,
                        -1.5798592574080863
                    ]
                ]
            ]
        },
        {
            "exo_path": "./example/egoexo4D/videos/iiith_cooking_57_2_2451_2499/exo.mp4",
            "ego_gt_path": "./example/egoexo4D/videos/iiith_cooking_57_2_2451_2499/ego_GT.mp4",
            "ego_prior_path": "./example/egoexo4D/videos/iiith_cooking_57_2_2451_2499/ego_Prior.mp4",
